52432
60744
37590
42593
38587
27129
15283
27369
35536
17631
60249
13644
43590
22294
48177
38188
43685
33060
50936
33687
24138
53031
50939
54005
40068
25970
23843
19442
19474
36820
4622
30601
21638
6802
47479
24010
32606
25505
7569
12389
17610
63691
20124
52750
17444
50357
48521
51784
45528
44351
32480
37563
23905
35211
166
61855
30494
45572
57899
31495
57477
22587
60000
64064
22241
52401
47100
11290
2649
56614
20934
38044
24073
19271
17297
2213
25476
51728
14762
14521
47493
945
51058
45008
29683
29440
8723
63909
38988
44623
29947
3656
5587
30332
9767
26174
23071
4142
60312
53864
12778
16100
13544
5741
22690
36342
53973
29383
20592
21271
22143
34373
3433
11438
45433
56483
62140
23699
47858
60050
13584
47560
25413
19956
7014
33220
17016
48329
54394
53311
30225
54568
50099
13115
19144
54913
45776
46225
18018
28351
15973
53995
53281
5819
61401
36335
60087
48990
45385
44218
23524
46531
56266
22263
56347
63235
57382
36858
52718
40546
6817
64704
53702
32875
31957
63901
51490
23975
27303
34583
29910
48624
4526
10028
28359
31892
6845
53548
26734
15182
25750
39656
8103
24915
23156
20001
41405
27171
57943
37261
11538
10209
4915
37154
12993
13606
15115
43681
48961
15420
59093
54529
31172
29781
55742
35916
47528
58003
17800
35724
7917
37533
19107
39966
4413
17401
18906
4352
26719
33725
62578
65094
56262
2205
12087
64604
13495
32623
49857
60695
23211
649
50261
10613
23284
54535
32905
8929
26346
61033
12343
34324
17943
37149
43793
32894
61211
55785
48599
57202
25077
40184
30460
21277
43950
20876
10140
27103
22042
30145
39475
39960
51405
4645
2350
32887
6839
38841
11998
34295
2187
40025
45895
10013
43757
16388
44218
49629
52048
45752
39564
11563
30459
13752
34661
57606
32668
32099
65452
27527
49183
57661
31105
56857
13728
51291
15404
32024
46889
5951
58820
62050
30282
37845
21677
31940
36377
41648
78
33620
2221
63547
3740
51306
44098
51104
41951
27850
1015
12731
52360
33935
56265
44783
53198
11515
26458
33159
57750
41135
38530
59663
52431
32529
29842
29988
57814
26715
36731
64617
57320
49617
13555
3693
45670
16805
13753
16921
17465
8146
58409
14640
49573
5502
13298
10766
56665
53024
30482
62841
56560
770
57432
24003
46461
58974
6244
40961
36510
27358
9900
7971
58287
13742
16379
52305
52285
5187
46644
44877
59319
18940
64772
13960
579
10528
9305
32570
58003
16763
9836
27868
14252
2945
17394
27287
21393
24673
26689
62273
6470
37473
10382
17217
11113
25916
36832
52686
14756
4168
11322
33326
6127
29808
3120
37069
47080
41584
54693
2247
58431
4770
21061
20369
52460
43889
43915
31731
43626
3649
47634
1393
29559
2184
55763
59476
23833
26716
29224
24216
32135
34055
3023
3446
57506
17771
23701
6264
60889
19347
1653
58358
33927
44770
600
35860
23093
39203
23711
45284
12128
30346
19989
22138
28723
49649
3722
16096
63640
56585
27122
32270
29558
44248
1337
41897
15508
46360
61378
58763
45462
17857
8553
20285
28954
40270
38383
22496
29999
3104
1331
65446
8476
37498
42694
64067
63188
52909
54949
39708
32817
36082
56091
31773
10205
55752
63697
57369
63336
4958
42073
61113
63570
23102
8232
20870
58947
44499
36231
51407
58972
31332
13859
49952
37873
60500
7625
15443
15109
52143
14212
28853
63029
17416
37482
44836
21825
58185
38854
39141
33915
24243
55673
55685
51566
44105
47984
10866
50947
38985
29051
51066
59600
54919
51815
12649
45882
20150
13778
48241
31164
62781
29315
22418
12190
22545
43708
49874
1656
21735
12782
63996
19131
27629
3879
33637
11764
19468
26651
2972
51758
35976
21940
55968
52976
52979
47971
15178
47024
34021
10641
33864
47924
23141
22655
39313
31647
24886
20266
8202
56801
56825
12425
18720
58755
24344
954
50147
25868
10900
41260
39640
15490
13171
31304
19330
35879
36376
57897
21696
4807
44067
14238
38412
6630
45419
10850
51534
8263
41885
55863
60872
33188
33361
48657
53992
55925
62785
52803
59327
56704
61115
65239
48505
55235
41235
35119
9036
41893
31641
9674
42618
20229
38402
11102
29715
3715
19776
34477
57826
11285
43509
53752
11004
44261
3057
6912
32961
17491
8015
30199
25875
29738
11042
39565
11407
11987
47011
61670
33135
64533
32387
38557
10339
9566
48048
41714
8577
16627
46063
58371
28581
7317
37128
16702
24948
26116
15805
8092
38896
62169
28114
34459
18548
30582
29981
16388
21035
11982
31649
56347
51978
6231
16507
63114
9499
18319
16978
37404
7140
24133
22034
6320
16882
55801
33871
60862
29112
55763
18217
27329
8596
32666
52690
8683
56082
61404
56489
60227
61346
13602
55527
18008
13128
13630
61939
11859
42626
24436
36940
33326
52697
29619
59203
28472
9705
34740
60295
60226
63470
23505
63729
48554
31658
55253
5800
3593
477
44373
17754
5033
3278
15019
22708
44461
7364
52292
3931
12254
19249
50024
62364
3824
64169
20119
55184
51162
10797
43535
51513
3017
51645
2918
15044
1211
37643
47955
59594
16607
54692
39385
8273
17403
45134
37835
18631
57687
54249
64331
42834
50559
1284
24472
55590
8334
41715
24932
28137
18209
60331
8397
51802
44218
3374
40472
16894
36172
18035
45119
23966
26770
62523
53462
1836
32620
57549
50567
54120
28015
8790
20818
41433
52805
16533
21602
5384
25213
57928
44453
918
4458
27482
30395
34511
24840
26766
52941
2386
59505
29311
60417
2127
61670
2713
64432
47096
62374
28478
61342
34946
9102
15167
32813
34947
26431
62916
51631
48108
30570
17869
13040
57509
37743
60668
1615
29449
63583
52048
61947
35201
64201
9905
45334
51100
1448
6139
29490
61987
30676
2594
19363
55217
16508
32974
29512
20397
33225
8502
30537
3420
27169
7138
25319
14689
55248
24289
29506
658
25422
20464
12013
13068
47425
33648
41455
59563
4636
59912
42512
46191
22703
6600
16666
64338
44761
41608
19288
41127
26326
9942
25147
61199
56182
15548
6703
52415
27040
51880
63783
31651
62574
46803
56819
10468
4834
49420
35011
6875
15716
20979
17500
23523
61829
58771
36494
54426
59077
38060
48920
9455
42808
40281
20259
31040
27955
52241
40550
41940
17387
20229
3850
64433
32402
64042
35746
48156
34716
57281
5234
46231
25580
37528
45060
9149
37443
33333
1967
14501
60043
57494
